664176
247713
605910
455770
630469
109186
296051
22223
747573
525928
757826
743567
886793
475667
424292
868723
343995
597785
825646
244431
487834
403180
228541
596494
480873
869919
68767
314454
447888
481895
858389
158546
374147
153556
835105
63732
454572
694890
866643
891041
610245
470030
480333
108808
133025
989683
930943
769207
754908
82218
95951
954106
66668
112390
826760
509246
22304
928221
963736
12946
197871
946331
145035
524088
704543
175303
33410
39157
743250
618543
12919
641860
510105
298015
33013
928034
415907
699641
689499
387723
180491
90468
554463
406654
229919
286203
274921
917601
821528
532584
841142
831057
144515
259212
922942
471498
39656
447681
463691
44832
916867
367698
836210
679198
566417
103786
355017
528379
2000
680521
384422
342973
179368
830119
911053
978692
748650
652936
53299
381197
542658
669450
9349
37231
394001
144017
697665
563355
387441
207040
49934
22579
847912
948445
93149
154093
474123
289601
677969
688644
686698
686080
105202
124269
38040
503604
929405
639913
265375
130326
758140
170097
795511
340825
662053
642661
581883
493717
51905
374859
864223
172665
518751
293194
549402
649811
592031
761495
233255
3147
336064
216052
546315
224429
347314
204101
727827
438821
90914
716457
522145
398921
31717
972978
334732
941271
597488
995423
859072
249390
300794
120830
124119
339147
443197
229945
54231
697517
872365
770947
669758
49393
288299
217773
734464
828652
700543
659364
525793
360288
339419
464608
513895
300272
799794
174382
282119
180724
517395
401871
548542
410355
411405
172728
441284
957816
734600
111500
360456
773866
969315
482118
411972
989275
792902
327201
975929
146000
939519
400470
470873
160966
694555
988223
717642
94192
996616
33386
35587
595509
742718
994053
809804
140862
940114
563325
764351
673812
576775
240654
751122
640072
254641
423400
982625
92236
83625
123253
58030
742515
832436
372355
990281
672312
955990
269986
478936
69038
820872
511130
402983
862949
360507
959591
588579
951606
154852
748551
457901
466075
36188
884916
693739
790519
431101
340040
565817
797216
566929
11350
14257
56580
637697
685380
651631
661523
749525
918217
770768
296395
386395
832281
620958
655549
799234
785776
356374
129199
796763
314426
290853
807489
804028
664680
691119
942509
753738
248945
350410
556278
482369
95056
331780
866728
678827
21898
194910
174362
340092
678194
483587
957795
94006
40384
691198
842700
915380
789720
290620
59599
397516
945992
462482
551188
471503
871730
346175
522264
631402
155278
150053
199393
712039
805395
339645
864246
476835
482798
266364
500639
747747
535766
602602
541945
846578
889487
883781
868086
980859
101608
581443
566545
591781
948915
680464
547823
142392
705248
414499
508209
379928
606986
251545
490340
606202
519520
617635
514351
221198
363091
13065
19440
355930
645186
500565
238389
722844
349561
345894
752625
793997
456082
432892
922341
864250
914579
736612
113355
136813
742258
322876
431993
23286
218470
970118
235186
937496
844820
51723
814856
501835
468934
175912
426206
431122
483813
618406
593014
157480
715407
996030
839277
57567
425301
286888
526637
582854
671060
669571
468435
151865
671988
507844
342131
778982
598434
343405
841001
802173
463867
4734
425109
716285
274116
553141
335960
585746
512125
546260
120018
320358
773892
448706
985791
186406
23492
623073
940441
348355
171035
141906
646154
546767
338402
538457
478275
874455
558971
468730
43558
615176
664921
618970
637536
759553
749742
242929
889530
422371
700193
816605
244719
701596
388123
383243
468934
511602
971572
402157
243993
151487
227225
666134
513388
623651
998927
667809
934156
151945
63037
562161
471991
399646
496502
457906
765404
682224
873915
912555
223519
13915
647624
465971
484262
885797
380198
705186
880656
183787
457025
840981
28191
900816
964317
871447
538733
29694
677917
754135
800813
242153
943837
657308
971009
187875
307751
985758
199981
784543
650927
703976
882840
113618
214845
149245
469724
34069
608210
379608
262879
110871
540525
940640
97650
6827
786552
258052
80557
122164
381409
846692
726089
116856
57492
835849
882504
954142
80047
295561
31547
997182
866336
838462
100871
563150
846510
858802
797489
260409
749526
629511
359638
810336
17297
75215
963011
502779
823340
290962
448745
159686
381217
70087
946267
176069
609392
895301
849494
967855
410758
394095
164790
904996
396752
940893
749211
364812
372825
977842
901749
190121
656161
692338
260342
491533
168890
254367
993288
817604
27771
200374
997862
211713
74835
633363
62875
701722
365323
387198
466037
58845
295646
825185
555657
665762
994527
511511
897580
971614
806024
291854
433212
198089
397436
220962
732082
946034
283175
53239
6766
873955
899710
705608
73479
119519
634554
430306
690727
378334
720248
522263
155417
434347
900699
210591
123167
461859
792033
440964
353469
363000
908535
191191
705004
190175
695003
407413
753034
782659
275791
258904
513031
32171
363907
308627
364019
998582
928522
900974
801109
896821
407717
533706
723814
854185
531722
832844
830154
100836
704886
905234
560990
943150
76982
338441
335484
423863
985621
265184
628267
325128
890198
387826
329815
11484
358346
137815
746281
487238
555659
144887
456234
313311
93162
790435
654622
499134
425740
856225
389031
962965
331162
190467
278806
663277
52129
753442
11929
667632
189661
649216
359609
771487
414227
542464
407891
887231
778904
520395
968488
346488
161155
691565
799973
533877
955497
828344
317740
224216
539684
110351
144279
102741
454878
27869
841010
780490
142144
27429
327765
226421
168509
460638
652621
445540
708498
305641
151303
885782
524614
249001
491369
414978
409728
790911
365905
291771
147374
217184
313158
765679
871026
553718
452560
525708
96655
528009
137410
230947
1917
496406
185526
46325
108225
777626
400042
396869
384081
609657
427251
337393
799485
971280
28840
352651
999503
836337
310831
743758
859620
898168
872324
219580
82528
606871
107987
626396
211968
616676
328979
618291
33908
906057
698145
897271
344603
212269
496350
267719
743371
994937
369935
492934
667738
502041
315241
620323
997429
524352
291886
833920
524268
628217
422256
770550
520939
375376
507854
768646
361065
990868
937262
93822
827533
309792
286788
237017
48194
288652
991255
529225
219292
599765
93710
823537
760495
694217
968559
844214
842108
912397
522129
210764
78032
416308
96140
235005
537703
761785
553336
809256
227237
559328
671617
875257
803401
922502
38713
925699
329127
566115
818233
679093
253497
510015
950191
879566
727322
163896
973206
613569
804503
624569
893386
471036
272077
683098
679395
690
912877
99618
658159
974609
613405
744885
668743
321352
605881
893506
552040
700332
943487
127845
958032
198363
424376
4571
308497
764850
677667
701890
946321
206888
178769
185049
832358
57435
858736
346299
194208
106324
2038
505386
730456
157248
131798
839842
393270
87979
640984
305386
489893
215118
601627
910794
848454
97679
664831
830113
854852
4433
381503
382274
460448
695886
596135
314518
717994
673510
138271
484687
159765
815708
263566
356259
357540
437584
977712
380778
373406
384872
17044
835947
743506
453097
25984
145211
200499
33067
473956
436445
935451
257807
661017
193529
434567
110281
133877
777830
360472
619162
569589
494606
241642
250026
824781
967070
17612
206616
141810
161479
675966
856505
604007
766332
221074
434684
461924
760266
291574
99707
792433
470990
292913
580268
569472
389006
992648
857591
295064
329789
247949
290186
152284
151256
251067
740122
445104
564861
108608
234142
398909
460161
463717
38412
484658
699101
599080
491372
34408
642264
408155
850424
193994
721554
827059
60656
357237
526999
523557
555595
33330
323181
751175
917152
325324
175832
389936
446614
793623
246815
318303
83731
823726
549103
22261
392618
703707
705829
767996
631464
603052
649686
660383
896491
291614
295936
763859
327358
30231
251085
543846
941724
319677
741389
135553
451164
541673
104340
724487
280655
823101
32521
760633
272479
603094
915654
578564
822009
330697
357791
480679
919137
183963
145228
485670
532879
603123
994533
815676
387351
639668
88647
742058
912274
622806
127517
193186
275872
359441
526721
878533
206280
287936
249447
727975
144289
9926
526385
272558
551584
715154
311561
297196
978398
370719
287075
354003
855963
924944
439088
831791
276327
306243
456594
4352
790302
771714
215006
888574
991004
352556
290448
877273
323900
303341
152524
710120
282407
587251
517262
726918
322125
982679
458576
64941
110504
126086
212303
599360
261514
431265
434273
653369
62077
721570
977823
527608
70980
997892
916041
923230
939831
14754
264005
632804
651342
310642
860755
903618
548507
245758
79049
63824
717435
9770
325495
181006
960741
378376
671542
712542
135552
525941
556250
954600
350353
686996
851226
164027
125235
522898
380764
713155
626693
345885
91243
200247
464930
708223
624430
997955
568103
648717
720595
788968
833505
672915
14638
239513
399776
40755
925013
559969
885472
260554
45054
25484
359148
151342
99185
869028
126198
416228
624872
644710
313868
745406
841006
709632
871739
809236
878663
312532
640275
949992
332471
892370
631196
566578
159759
226699
776997
788457
938878
530733
647668
467056
747304
971696
770048
405364
20244
155185
260070
460313
910810
331524
966635
108528
109316
359916
318088
534934
493080
527006
958026
485861
954546
682880
819752
59919
382713
881993
512753
194029
254979
427701
645434
946254
888563
729643
75782
369716
160745
833836
540826
277196
647654
507734
743059
856624
680488
296640
394326
153181
861420
224428
311352
682713
857614
488843
593493
554431
701906
666003
612635
59094
5189
449527
155321
32
903016
533109
194596
414147
80130
820017
233999
942760
29847
230201
314847
437821
617323
365580
782679
202190
403077
804900
740895
761927
567225
876146
951144
96060
28054
903154
20867
418563
339986
764204
600629
946427
46353
583831
410556
185091
488473
651783
513552
917529
398061
461687
348392
421176
537687
592295
840475
428511
498571
39235
350512
580749
376667
275109
873002
482763
136800
916436
532083
876027
783322
642309
193003
129051
125654
774916
752323
432248
783930
272864
482446
256775
320225
619078
65068
966713
220040
927408
586021
26539
758398
900510
507708
665128
693933
194016
283899
540700
327300
222555
242960
670606
738879
84543
954947
641570
706845
904328
620436
48188
501979
674359
532132
199871
626115
437179
706329
713269
912420
634183
582449
518376
5027
705944
416790
327892
850929
201990
564875
812652
780489
69010
817871
724278
220936
939358
728599
668443
514912
702530
725254
623030
682735
750147
172044
875255
472459
125523
219531
923164
440274
736501
651665
112702
918748
691753
511858
497372
43362
492824
768482
777841
806581
203781
859689
987544
465610
582500
307301
84804
628014
488829
28047
265583
926398
169973
544968
361269
695338
928832
659862
387152
547468
858569
91836
890505
131488
565871
54081
57121
11984
651804
148536
757030
15625
864206
361949
406562
898818
970641
442298
647567
303814
940646
202900
798284
806089
547497
13045
493293
839175
167876
800605
170709
174480
806544
78066
589944
738023
697245
639094
213074
845894
171157
311563
34379
958989
753197
788154
323393
801933
303416
251513
796726
561410
299223
732170
796545
212407
838718
296609
568313
284891
504839
707869
681986
570190
65354
851070
660095
27442
188489
165218
485484
797370
997205
79718
370523
420933
101572
716617
775572
465065
717547
374986
339130
845658
858885
164580
278030
1148
188815
106909
96212
807683
65573
647972
311862
55857
122861
190159
690263
743748
101227
145930
417917
677063
483405
947154
224209
487774
59865
229548
940223
994031
917445
167873
83438
554939
969697
254035
300609
245383
631058
808512
852570
606857
700135
812356
356666
782871
478441
105647
995635
283864
267801
168548
986773
161973
863785
883610
573725
146556
761276
5966
547431
376681
9640
695467
429106
998455
941781
227396
462239
422367
583812
382122
180637
723783
384788
678614
392394
879112
932623
117883
286253
429738
67150
378506
612297
341761
322686
633227
231635
35039
523947
640935
533347
767238
613916
35576
943698
502923
127250
949257
981524
385283
125773
3120
83651
197580
881519
780759
589922
945083
45037
69280
784131
920524
910020
236281
912089
904110
142396
820042
263071
312553
576132
306324
151974
670810
750474
781272
139482
623805
534862
146243
545931
173637
220766
706561
334497
837636
713270
294199
510699
286726
33392
986502
307417
352790
420030
876625
450647
514726
451987
122510
689830
577474
808617
597075
274081
406924
55924
565664
999178
740585
89794
223530
503467
252999
539800
781053
460347
408033
433190
933482
58080
556449
242049
702995
250463
838165
43510
449836
1683
30760
501445
445853
444730
733765
832559
463840
777821
995422
523160
922141
421171
570726
764601
300526
788564
402681
769676
560726
162422
202649
98140
54926
70621
56860
336858
550034
361232
911827
361471
980907
703784
837153
492822
126342
231450
879859
315594
782106
648491
370928
923386
430761
793779
203461
187650
494481
249327
37495
270465
703821
307194
825668
819509
564815
103679
147715
836104
752766
735619
895678
970052
677143
528760
602481
138925
226971
233676
236105
899895
426090
64993
648378
42979
778952
4908
813494
519084
673011
514533
154186
495983
416708
174451
705488
996020
543810
507033
779359
268139
874169
682090
5383
911423
407810
861161
734123
140363
18819
47979
747722
787249
144797
793160
952111
43236
53838
697630
223815
22298
531870
492614
522437
342902
444534
979195
930350
796947
995123
607090
489664
48226
909109
321469
987095
873990
729735
768900
90297
890910
827009
643459
754228
814490
438068
423366
450173
492160
317599
582310
257874
867381
262205
826963
245014
351277
466713
200611
972964
496939
621376
521509
635455
91399
293817
545750
801692
206613
801567
646402
850014
617487
790012
367850
258576
827586
287843
926564
13938
649044
4612
428358
710294
310896
588614
49593
270698
962584
810737
981210
865223
840445
654999
720709
850046
547640
941324
183263
692857
174727
317424
388739
644257
817762
914343
299871
777719
964910
465138
750092
768890
523676
191526
560843
452668
608005
75429
650735
357008
288934
231939
684099
342540
479013
687655
292818
807500
359057
339779
709661
917385
688961
431316
837120
588607
806127
241723
695686
903386
914892
44080
652402
185150
87103
358252
533809
930034
826637
833167
868012
33080
769403
257006
939719
534990
761989
25196
774355
598756
548247
333684
451581
191970
846981
616364
477302
962697
391893
911419
842894
38093
708003
175225
563481
409506
611069
733985
491747
702039
185929
358969
610235
142696
421291
65573
749928
249386
920814
285646
954586
293005
390378
881249
625069
218638
149286
415125
738242
628543
177466
685372
677126
45227
767761
436877
807529
445666
265741
338291
886400
787802
978720
123253
84519
751982
634198
265376
616494
911370
344410
658990
581464
970443
218711
540996
529945
517594
643317
11547
781225
38822
852166
88824
704490
981775
999528
424392
859276
631007
287727
971188
283196
829179
714863
831892
798573
421665
528995
868727
221560
188946
465636
277742
167445
659528
92756
777536
882025
748302
448862
717617
616412
2400
146378
179066
271789
178559
385971
326718
508789
554495
963458
757821
568969
69572
200607
137983
354977
167371
347764
669152
446544
10178
601789
91825
756287
867423
906339
584712
147975
674416
315067
345798
650920
305096
694922
47620
703129
785430
418476
220413
600875
682144
464255
357707
317251
648479
953094
961610
451364
915192
561057
857574
311504
673726
927823
793249
26216
298906
199797
498487
310241
79053
416590
905997
883293
480297
178817
508015
625847
983301
426798
66776
463572
514856
954232
886760
350557
387936
790051
689763
670964
220451
55171
887878
274434
224662
249485
559997
884225
752478
376442
880792
724911
401949
142567
563000
511405
277868
372996
6987
901636
117048
614808
884923
383302
729504
553401
31786
955925
979439
892108
997288
601291
78551
722405
669519
4847
413384
73219
833664
753813
996083
125147
222215
560469
176087
693211
745635
36844
884487
801344
374778
297513
523413
939074
931917
654666
435217
338977
884740
245852
875580
546712
90276
547340
629480
551362
779421
816242
864082
826695
150803
979490
583952
138986
953279
96763
172633
109329
134849
209004
404805
975965
390403
885009
524447
971158
57794
116041
227408
238202
522902
857022
193502
96259
249715
639307
378668
573917
165963
915193
5474
254608
977453
285719
661049
878212
112693
386999
586518
953870
172861
256468
612785
848744
903458
744445
35856
74181
737600
764238
666740
319227
691157
150443
997391
212467
888191
446017
524097
618116
166301
590936
855862
395361
268634
62259
721459
869469
593524
802834
135737
557821
272218
682240
649543
617531
820829
786916
801631
226990
980492
232321
40104
804093
479078
141756
626965
588894
887699
218564
505851
211535
291495
230689
634825
954485
121516
727671
519232
434420
652678
971746
259349
448535
964528
607430
520099
453239
971486
659754
825277
821094
171617
65395
515451
677828
607629
351758
521835
184363
424178
997051
118370
150463
752474
156002
167475
631648
441063
674340
19897
614039
977034
946926
693885
161833
253850
196960
535734
634255
434088
2103
410373
923250
41752
17595
200384
115485
278230
733770
239259
863750
689120
450095
357507
96762
987873
240229
770956
495947
880251
229117
698406
989793
651026
900685
618593
817847
167171
772034
819192
823662
346808
766370
757826
29917
480024
755361
69491
532482
213603
280932
685833
783763
58921
934102
674037
330297
302429
751793
257074
697507
23725
265483
459428
166131
960505
16118
666848
343262
646472
301607
416885
92855
14673
981701
283299
398616
449166
378583
866154
837960
575018
966404
18702
423267
786475
292705
884957
470294
881034
569720
304400
550826
957639
958183
137189
782916
502689
141316
527123
568028
618171
457140
867277
899088
414578
429566
549735
615917
196162
295784
419562
251956
330046
689533
886117
65824
196202
962780
158557
176894
745040
227904
812685
834511
654350
935135
857577
519316
887508
948067
361199
828995
975192
725130
472576
47667
716656
385888
483515
235443
981867
245496
915739
763818
719230
944031
829555
617743
930321
430411
864505
545787
615506
911645
564585
336455
199266
388960
846534
314262
28917
984308
107281
910152
623546
426479
494956
50363
177014
629718
655067
270526
900459
989828
238365
407455
800909
929779
967378
363560
817985
293067
879590
98950
341043
454885
317768
917140
635714
735234
870391
517604
347249
21388
961772
901087
733322
403851
355284
385720
746520
998078
907274
209591
162605
863313
587515
603495
238296
903302
598462
291864
418935
493659
439572
722647
100810
202185
705669
12980
88014
859257
401563
119281
988220
520944
592482
239535
723089
496061
935383
316858
162174
872415
408041
107795
762201
578059
456254
98014
131140
935941
496988
286532
686242
829995
624539
682772
87130
605943
309368
532582
340066
137852
264191
345906
153745
807812
666158
817907
695626
293658
291677
967494
522162
122671
311336
813710
679164
1474
520218
995230
818100
365584
400387
498394
786976
10707
711813
623155
521860
537340
607755
21767
220235
770758
125116
640689
191465
416261
385889
61547
484994
161009
102301
608715
238115
733018
350032
265718
414845
710805
96217
183224
141742
220391
725823
769153
644858
755403
104958
235769
21575
422184
779096
331381
538645
490299
655024
489874
409326
115423
205162
655845
27820
41216
668843
717152
418513
613885
407600
395565
480331
675523
377720
311944
730154
609060
161235
681940
337636
638385
974026
400841
990447
379558
72211
98057
518989
551495
452703
581847
479307
487748
776669
882844
307259
538234
635221
764230
742105
291780
770630
147274
646400
563407
230326
76123
929317
680674
516317
676562
548995
982449
500553
938456
403495
790346
438489
977567
472419
42660
914425
330810
157392
638184
817011
103918
825011
362272
997846
383380
158021
481783
489
378752
555621
472147
977735
847466
591341
620068
125920
793420
459570
727353
989791
801614
625323
652996
30861
328057
943254
181202
736124
513607
556888
293596
804615
502639
745644
375091
289302
462481
942585
421470
366168
860351
526344
611820
104901
623742
625237
83082
760531
992648
686914
758449
857319
124942
275567
801887
993480
899230
291584
467858
590796
284095
932144
548901
680008
836803
604245
263789
555371
67968
879372
130961
341764
154223
603949
171487
658496
44281
484855
597644
820294
644015
785114
482124
934461
167034
487807
388519
887561
473987
295838
524243
43692
889763
552037
961330
384844
292664
584511
876413
556260
911984
5343
232302
482813
434235
863683
577863
684726
499618
620177
708125
667843
674237
327241
144639
350644
981478
333037
763090
982897
682056
140563
520400
832276
982960
680253
980005
536139
988932
387778
979891
450894
506253
846143
706953
11041
551567
966927
352935
881269
196288
131508
178369
692534
526971
185709
362135
835580
366706
909914
236886
59915
868959
571009
117922
67415
824119
175168
746956
134316
772049
402460
502449
108734
764089
568156
708369
492659
111546
760246
194922
459208
74448
293103
460346
558204
405330
520774
275572
470473
444109
117550
434236
20003
500765
207758
135963
641978
123833
213674
617960
814651
792782
144105
245415
925274
546949
310566
353336
659443
924664
75765
918812
537710
408965
81625
102688
269230
483956
299788
7873
269213
884463
561570
699513
891099
700002
918538
813892
599311
491538
457440
833614
471445
109404
105836
104707
954797
913198
604861
775699
412156
861123
278599
785015
587780
240040
305892
263338
37991
391473
58555
526410
513017
560267
143198
210571
436291
98739
366350
346931
524374
405200
311678
722462
49413
987719
118280
702421
569243
4039
250314
428820
82535
278943
750089
683600
77984
701954
76555
673944
711704
869725
935988
148432
983684
564625
127328
597166
51669
69373
632372
936146
337326
902979
974852
457926
949684
169025
45424
579562
527875
989926
479494
196388
118288
295048
496380
293675
572681
860074
367195
949470
161890
302304
611501
665346
922701
621255
958819
61880
270069
241334
586224
638750
407078
81590
725221
510009
653244
828677
490101
63596
881093
661409
65193
615921
495666
453321
394392
439025
964062
370306
415368
688780
210204
286713
470264
551586
859301
46378
205000
702774
174657
960242
459909
193423
966303
208979
468193
988640
444467
120337
701540
914753
772864
617394
857637
972029
373418
115957
449334
876158
316227
626811
300834
601655
129035
613915
275480
917426
576345
938100
607709
623887
190234
648033
584732
126845
780639
654524
87262
843435
918151
425400
418771
554909
977826
585574
308185
937187
761031
184667
485180
95783
148444
17297
870412
894852
37201
664318
910068
865587
259957
368898
792452
482470
260356
878336
981084
418169
831092
647775
713631
595717
109290
667718
760439
312915
594516
154480
823751
75017
688324
73304
8686
145843
29624
294560
259389
883883
500816
496896
114882
964777
952458
831472
214351
196024
780584
216409
799773
578881
319620
86085
938214
419101
10864
862796
197084
143568
663912
826743
384635
83520
654220
116529
190600
694597
7513
757649
486957
76642
964865
29533
783424
374996
674087
620925
859744
360846
555973
281125
199181
233934
174454
14207
70701
365387
659097
425909
588471
368829
241140
357092
526002
115712
402680
267322
246798
420687
750319
909636
691589
352564
309860
501257
697579
828784
762890
109514
834081
650223
74992
386829
112911
410844
164762
576962
737928
245343
630559
855834
483648
201761
881106
963348
247949
873320
25637
690151
216490
169456
857183
883016
745500
127212
150685
240056
553644
900589
775933
15442
539988
431823
950713
832485
974626
643942
908813
573216
480298
971792
621372
465644
275099
856318
412134
671975
919943
963111
401204
338160
257081
443264
570556
881550
515745
65696
590349
810897
752154
782147
51145
879845
78367
562876
771935
442301
742047
448509
123204
730998
813764
15106
121742
290644
22297
156758
617641
69698
902993
57986
748979
35587
271033
172731
144882
925623
296348
296946
232149
301493
419511
567520
591569
909613
187759
826106
13923
402506
359407
432983
987724
258046
254468
975503
464634
229288
37165
566555
179702
608011
549272
920240
664472
473958
805873
108249
322567
732483
603697
206433
196731
891960
457747
163316
711006
452234
930126
77047
937684
725317
767219
135423
258760
96154
420334
951307
357015
670767
259181
331086
253412
190802
87688
874707
434205
757785
271594
203391
909803
256404
559173
701867
315992
625530
155571
82648
102260
424085
422004
23391
828470
628701
389321
783381
863159
73860
283899
659692
449186
267829
628193
267611
26565
233239
104169
650136
95409
177439
602761
259280
910974
774471
739103
373397
252143
805983
878388
337254
324767
813259
210749
50933
215221
329328
464385
510727
85368
596232
86104
238014
61469
483898
413179
772852
446997
505312
59620
954839
765871
793139
540132
878188
946254
981927
257919
899262
895537
140563
967314
384665
337837
706314
682771
171462
687463
193910
445204
192517
301489
512762
622828
11055
465700
764413
554868
750656
880693
48644
28135
807598
447410
589603
861059
918577
899072
212613
82558
500212
685058
293770
19406
963160
221814
647761
193112
991527
233601
256569
283089
158919
168837
991318
750834
919326
861601
643613
721723
504660
995301
428523
519089
858969
106388
37001
550495
866395
570280
101222
964845
389744
795505
523417
523493
156329
39247
907102
881225
146881
865037
304227
173738
203513
52939
969773
685916
986253
327332
497347
532096
799737
730181
614231
962770
248563
110799
954799
342638
948217
354027
654742
923862
331987
905278
211260
371635
459615
691135
644052
563913
457688
326221
998032
891883
399776
318742
234006
134711
296865
765683
779637
682757
106658
533399
372064
128851
807310
650437
562903
347956
82374
921761
343517
605799
625294
654182
383244
543732
312764
510366
624989
500373
775133
760219
422875
528434
117322
833996
1451
403956
167307
238490
402997
245662
669463
861499
665842
802640
738170
382902
619127
652705
687445
353208
559955
723037
30996
485552
23128
34021
867842
775933
950309
305597
586204
477798
194720
468802
153562
611185
623956
506760
87672
457498
926709
295550
837254
572421
652843
921163
879983
118649
594820
341376
702149
585851
487264
379288
288433
75287
347365
534712
669377
246026
581380
248699
878413
981712
44514
759760
835060
957543
319978
812210
994779
206422
658592
36594
524822
309450
667213
652857
780486
294719
247727
9378
939405
985602
633281
782392
747974
909189
470471
671551
469975
833231
28610
174005
310641
683088
901387
691088
55953
116171
34119
900798
384371
707907
146737
158257
629544
42336
326701
318781
162268
515685
660379
542932
418111
665490
616396
308060
358994
159000
81885
809650
373265
728741
959815
572222
656594
804430
688731
932360
654676
485539
337264
65584
239988
92838
435858
364765
406624
772081
682377
235784
766352
668541
833939
802460
496551
276813
178633
419878
485226
706684
967666
353753
629748
347540
941215
67599
757759
631836
237467
785971
450322
131079
875867
672239
110878
637543
62904
273733
887832
102497
343166
447376
123633
112613
197696
450012
882983
662966
941514
105930
144013
159857
544118
269050
939375
566797
436086
145716
428281
527325
188701
58620
676188
575703
597915
66142
26363
57700
800906
134059
131056
662495
103582
293149
510521
250300
915274
100496
789685
956419
180667
982589
499372
271345
17872
635892
617444
491548
105837
936184
954595
401798
486459
756898
661482
597568
749555
892359
178325
175566
266729
743659
318949
988353
882074
677350
608507
463104
455688
588781
535513
95548
712112
846242
322218
828396
369358
530012
985836
74329
223916
568580
666530
598117
405590
645950
48096
324571
725234
550531
685300
283200
110160
605225
806363
295952
463578
973096
672800
328757
118558
245727
648229
161519
96098
373317
270623
120726
874484
818214
652731
744275
35405
102805
341063
29726
425626
623023
928672
238770
908909
580947
793883
315053
859084
905860
835826
650
407477
388502
902491
198001
480791
311682
768553
576813
685719
638490
314296
54449
768245
265861
969092
397177
315274
693876
786365
948222
865769
844541
636560
401450
476206
303000
858432
962246
880903
751889
715399
858939
952277
706113
829553
435262
604948
105724
866928
108
206948
701861
143815
623552
840745
769336
423208
232066
179954
716162
640071
433180
864652
327833
590771
474896
224897
548177
218025
588633
832378
296191
913434
612325
777199
106015
652749
651217
426796
574392
908557
933609
935860
655683
162965
851715
709395
739864
451020
564237
101901
113662
80625
73848
959510
233066
257986
697466
856132
789583
525738
398823
375726
541545
713920
661418
788907
433218
534038
801437
449579
455434
290617
295296
749070
696007
443960
444844
190144
483841
303596
726181
355017
576411
1512
838614
555928
653333
75950
932890
302267
697197
740373
303987
730125
736573
927906
886191
367792
517903
803303
957427
714944
146796
947842
746816
758015
708464
336777
846449
303824
15018
374901
107828
368065
992870
993585
731599
47390
67577
103518
635049
731985
936082
947284
376397
750486
219400
828169
374623
887828
912660
715376
391358
783524
995116
437377
680276
821793
651186
267560
399901
810788
867070
945224
44747
39605
756314
515184
272886
881450
692183
185088
592252
580986
166868
709587
782255
978572
401402
455051
807201
290705
318817
143151
836863
549136
385261
192078
965026
914831
77272
227409
750286
603523
392196
270767
970295
336597
500153
260428
67001
410153
949169
861494
909058
555435
816530
409250
764904
781261
437883
238259
221743
47955
786764
703157
403527
924608
488170
976100
818867
941174
898325
519770
294037
15920
926776
693977
990666
47879
769435
880867
797649
506107
528154
295599
445666
443841
795433
976287
958176
344251
773371
872502
800685
732718
899681
243523
611440
963355
96227
614308
824669
293176
59861
412408
499764
235787
942439
834982
37183
400970
703349
987978
588700
430525
21035
92153
189869
794616
419996
445025
759318
92848
196582
563207
979437
546606
878483
323612
762316
289797
904729
237552
980474
400407
675774
863380
929027
978499
974935
614208
604805
741570
698731
711410
582167
846507
315020
959320
18247
161855
685402
871246
268869
640937
770297
743659
240761
729783
673172
378987
790954
825406
820986
889694
912680
281331
74038
604393
988338
611401
186276
656288
645496
840787
902942
501399
725648
264480
607496
427742
313646
238882
145663
215862
111367
283653
587103
869624
942601
604367
519523
675453
983888
34096
17595
943496
296298
749865
541912
500367
136325
105513
647151
101898
214209
230970
452647
110166
988275
658599
575227
582054
127648
849478
568316
672711
176663
258393
230968
296044
394242
564877
253767
502097
697714
522187
94009
974186
981929
307173
447756
341384
166702
906698
107639
400148
445189
494703
719813
903658
601095
361465
78645
121447
116256
312643
41860
393330
718969
152084
533656
591646
141212
671917
761736
994038
608846
930889
342759
136856
686786
162643
615384
794990
409208
786644
139256
202978
2186
27992
416209
139234
666229
198746
847037
518351
540107
937129
833146
717441
790394
165292
451881
749949
974153
328010
968876
559434
876102
756667
201754
642090
469586
292026
185262
463248
518194
775417
144346
208031
6188
871025
729032
329226
285091
902796
728264
76424
465761
866979
101963
927678
421219
112497
673645
302408
132110
899133
674399
18922
350928
135082
941645
898123
285336
199839
303586
831703
173662
535256
810468
185099
688655
330377
827420
112153
561903
705538
94792
365297
761509
772196
896178
815586
172402
513299
901397
504053
126354
375708
756436
680691
129605
772401
345294
398309
907838
29671
374284
741538
182967
975281
296974
220934
629745
481282
385768
730303
115659
853437
412328
654117
929377
226387
519755
349629
57521
162483
99415
705558
238222
673112
615991
781148
917474
787320
758048
172089
431493
40132
495109
325248
391486
524003
692327
199783
796229
157495
505866
798439
436997
107717
191684
150336
765878
323144
219270
512925
907000
876947
688779
868904
722491
606928
57142
982437
892015
696562
948655
486138
508090
939922
408095
933637
442265
550681
725643
171765
384381
664831
460509
818345
589017
93855
603686
967223
328927
844553
5976
515524
157447
657746
274701
182124
167963
470326
594193
69624
885625
940129
617211
482077
146532
41778
494315
925277
498889
591441
85078
243298
762125
635543
168328
989378
884940
844330
841688
919549
924437
308970
368318
206428
351100
286997
220931
268093
770823
135534
241457
356038
145153
737363
819436
172206
850529
912839
924548
263017
356709
34625
673265
994708
962704
560448
226961
322684
339829
671050
442400
900745
6539
814985
618074
866412
725815
162467
574905
252529
826294
281524
58230
767371
102617
885751
760678
85944
738696
713040
637562
351230
495128
273966
588037
100470
167591
639601
727860
73528
627933
853011
198413
171057
376970
807674
182395
190056
534661
944366
50139
374651
30985
448628
740117
739326
547330
37582
886444
611369
614429
886369
332563
128687
892330
98431
681153
795233
309415
870352
777572
849859
127934
493044
403609
540061
81424
1719
860730
886532
763439
975591
69122
219094
138457
632618
339313
666721
448197
28360
388077
27547
577496
830419
943268
280140
616264
449472
552713
689081
26533
410830
547155
900571
968742
865293
883740
635255
587725
500270
213902
968215
240776
304899
978933
905168
763691
233363
88594
363959
50270
489804
144037
659193
434618
614435
96875
384059
235389
129504
788530
592027
335127
380796
446115
583257
416242
428798
214639
438510
267986
692922
675120
553115
762740
707147
917292
224083
56281
888585
719125
447687
877979
145631
727756
858705
313486
728114
393867
184949
855877
817619
583566
851046
243610
544853
755912
108972
150928
46319
804938
129911
315556
429358
321799
732974
580732
369266
653101
987149
456744
465374
897628
565823
904580
305680
593847
908269
375050
319317
878452
204581
870441
392683
229892
80867
964952
316640
826022
351998
342304
234346
593041
343523
86120
836688
93671
1734
279021
965245
149119
366540
311277
151459
437113
918348
43164
818562
98870
693559
11027
402310
14614
973605
921379
615348
610426
426883
720589
672343
191253
663942
210693
470273
18887
826405
685068
884446
524033
672926
56645
811737
798750
335085
428190
1950
91400
305460
601168
718344
803173
267412
278779
113137
859345
514512
818705
361571
78613
724511
311189
219826
704316
264965
326751
956870
190332
819723
307769
390456
747020
336576
811903
434904
30299
362604
9824
487940
772535
905425
342863
144897
175639
503975
769516
206178
952461
307185
463793
127805
612343
233839
390291
836299
472234
170826
837098
543478
403296
569231
12472
995270
13772
741235
860000
90807
541931
336307
40066
677904
253003
772357
39094
805321
510804
404300
939272
973475
500005
485469
880287
882539
866572
869045
828683
556591
651784
749119
218665
829626
858476
163760
298259
790314
26088
16343
803218
913789
977841
654398
822437
629402
688661
419850
922827
894802
95891
461285
872814
40126
553846
159255
423265
723176
551283
415131
829787
272949
841933
415193
840271
280027
847395
124905